$ANSIBLE_VAULT;1.1;AES256
30623336646632613165646334643430386563633163343937626237336263383131613263643035
3130396161616261626666646230313962303165303163640a343739326665373537353836646162
33653031306531373939613636323739376539656561343164316635363432373865353666643363
3738316363353639610a323031316563626637326162353130386438333538373963316232656563
31306536346465393265383264396565643532353334666331383566636565356666316166386161
64613365656230646435316331666230646338333832613838346532343737633031663166333734
35303034616563373432323137313632333539373937613430633838633339326261663231366266
62626131656331653331653837373230323863643666383932373234653831623635353734356539
33626134336332323061636132633166346563623837633037373631656431316437306366383933
66306633316661333535336239623232616665313161353738373531633365653461373138306631
64396437666634656630326131383936663037356261316561643933393066653638646133383564
34393062633263623437323930343231306438633631396430666564613935386139656162663232
65333166346631393631383461633066393533306663316664666135353834326333353538313264
6566333563386265643565373734646337333637616666383965
